price,amount,amount_0,amount_1,amount_1_adj
5329.291611579416,16381.97242412109,0.0,4.149335352276861,16381.97242412109
5323.96524990616,16211.540487757242,0.0,4.106167213520245,16211.540487757242
5318.64421166625,16246.395488091108,0.0,4.114995520719443,16246.395488091108
5308.018084209759,16262.649196408704,0.0,4.119112368482445,16262.649196408704
5302.712984368111,16270.782147436501,0.0,4.121172336619632,16270.782147436501
5297.413186709667,16278.91916574994,0.0,4.123233334946083,16278.91916574994
5286.829476750614,16295.205412378526,0.0,4.127358424229739,16295.205412378526
5281.545553867351,16303.35464477254,0.0,4.1294225162200675,16303.35464477254
5276.266912001976,16311.507952596981,0.0,4.131487640462624,16311.507952596981
5270.993545876376,16320.11694490375,0.0,4.1336681835133104,16320.11694490375
5265.7254502177075,16328.27863555171,0.0,4.135735431013377,16328.27863555171
5255.205049236162,16344.614263872132,0.0,4.139873028021646,16344.614263872132
5249.952733393934,16352.78820563219,0.0,4.141943378565181,16352.78820563219
5228.995911868051,17081.109289560027,0.0,4.326417405447357,17081.109289560027
5223.769790753929,17093.410777430512,0.0,4.329533208427922,17093.410777430512
5218.548892887704,17101.959192334925,0.0,4.331698408029686,17101.959192334925
5208.122746022658,17119.068849459676,0.0,4.336032056221434,17119.068849459676
5202.9174865987325,17127.630095960052,0.0,4.338200505895496,17127.630095960052
5197.717429572482,17136.969866799995,0.0,4.340566145412216,17136.969866799995
5192.52256974437,17145.54006560265,0.0,4.342736862585171,17145.54006560265
5187.3329019200555,17172.804105214593,0.0,4.349642480570533,17172.804105214593
5182.14842091039,17181.392224719184,0.0,4.351817736818523,17181.392224719184
5176.96912153141,17189.990785204194,0.0,4.353995637627745,17189.990785204194
5171.794998604332,17198.5874997626,0.0,4.356173070888352,17198.5874997626
5166.626046955553,17207.18851354432,0.0,4.358351593084944,17207.18851354432
5161.462261416635,17215.793828691785,0.0,4.360531204760171,17215.793828691785
5151.150168020467,17233.017371694295,0.0,4.364893698727415,17233.017371694295
5146.001849852156,18010.38266912875,0.0,4.561789971457593,18010.38266912875
5140.858677171568,18019.389661687026,0.0,4.564071322669289,18019.389661687026
5130.587747708076,18039.867433483218,0.0,4.569258069432743,18039.867433483218
5125.459980655268,18048.889171369952,0.0,4.571543155439681,18048.889171369952
5120.337338550367,18057.91542102136,0.0,4.5738293842164985,18057.91542102136
5115.219816271247,18072.90982964379,0.0,4.577627268144806,18072.90982964379
5110.107408700891,18081.948092033497,0.0,4.579916539588185,18081.948092033497
5105.000110727408,18092.860600027638,0.0,4.582680532471937,18092.860600027638
5099.897917244006,18101.909558375224,0.0,4.584972513058941,18101.909558375224
5094.800823149005,18110.962323530428,0.0,4.587265457859595,18110.962323530428
5089.708823345816,18120.019615959307,0.0,4.589559549358352,18120.019615959307
5084.621912742952,18129.081437957557,0.0,4.591854788136683,18129.081437957557
5079.540086254008,18138.14779176443,0.0,4.594151174761758,18138.14779176443
5074.463338797667,18147.21867965681,0.0,4.596448709810283,18147.21867965681
5069.391665297687,18156.294103897468,0.0,4.598747393855388,18156.294103897468
5064.3250606829015,18165.37406676329,0.0,4.601047227473777,18165.37406676329
5059.263519887213,18174.45857051234,0.0,4.603348211237388,18174.45857051234
5054.207037849586,18183.54761742621,0.0,4.605650345724118,18183.54761742621
5049.155609514043,18192.641209777074,0.0,4.607953631509478,18192.641209777074
5044.109229829662,18201.73934982301,0.0,4.6102580691654085,18201.73934982301
5039.067893750566,18210.842039855004,0.0,4.612563659272187,18210.842039855004
5034.031596235923,18219.949282140533,0.0,4.614870402404135,18219.949282140533
5029.000332249938,18229.061078956485,0.0,4.617178299137957,18229.061078956485
5023.974096761851,18238.177432589153,0.0,4.619487350052741,18238.177432589153
5018.952884745927,18317.99154977743,0.0,4.63970320254511,18317.99154977743
5013.936691181458,18329.710483570856,0.0,4.642671452339528,18329.710483570856
5008.925511052749,18539.344719933604,0.0,4.695769011379899,18539.344719933604
5003.919339349122,18596.740357406477,0.0,4.71030656164961,18596.740357406477
4998.918171064906,25842.544219698884,0.0,6.545572141587071,25842.544219698884
4993.922001199431,25878.944137960643,0.0,6.554791755913922,25878.944137960643
4988.930824757028,25891.886198177148,0.0,6.558069807335165,25891.886198177148
4978.963432183708,25917.78973883143,0.0,6.564630829060954,25917.78973883143
4973.987206086396,25946.90622704523,0.0,6.572005647596345,25946.90622704523
4969.015953479353,25959.88227510472,0.0,6.575292307685384,25959.88227510472
4959.08834885801,25985.853842447494,0.0,6.581870559665026,25985.853842447494
4954.1319869171,25998.84936821027,0.0,6.585162153196799,25998.84936821027
4949.180578613222,26027.65009328197,0.0,6.592456993135318,26027.65009328197
4939.292603117854,26069.63107037271,0.0,6.60309021530515,26069.63107037271
4929.424382823947,26202.744971235705,0.0,6.636806192870649,26202.744971235705
4924.497668540413,26220.4854729679,0.0,6.6412996255965,26220.4854729679
4919.575878262553,26233.59833801115,0.0,6.644620939604664,26233.59833801115
4914.659007069069,26246.717760805728,0.0,6.647943914603869,26246.717760805728
4909.747050043581,26259.84374461257,0.0,6.651268551420065,26259.84374461257
4904.840002274622,27623.982906496698,0.0,6.9967868262217525,27623.982906496698
4899.937858855635,27686.8293468511,0.0,7.012704992238398,27686.8293468511
4895.040614884966,27847.033994526406,0.0,7.053282695031954,27847.033994526406
4890.14826546586,27860.960296501704,0.0,7.0568100417773,27860.960296501704
4885.260805706458,27874.893563026144,0.0,7.060339152550155,27874.893563026144
4880.378230719788,27888.83379757384,0.0,7.063870028230461,27888.83379757384
4875.500535623761,27902.781037286586,0.0,7.067402678225743,27902.781037286586
4870.62771554117,27916.7352183625,0.0,7.0709370863758325,27916.7352183625
4865.759765599683,27946.79327062934,0.0,7.078550390541071,27946.79327062934
4860.896680931835,27960.76946222602,0.0,7.082090373662818,27960.76946222602
4856.038456675029,27974.752643313255,0.0,7.085632127129398,27974.752643313255
4851.185087971525,28357.845603085156,0.0,7.182664469758018,28357.845603085156
4846.336569968438,28372.027361959652,0.0,7.18625652033239,28372.027361959652
4841.492897817736,28386.216213122265,0.0,7.189850367288849,28386.216213122265
4836.65406667623,28405.279871466253,0.0,7.194678937955588,28405.279871466253
4831.820071705573,28419.62660870963,0.0,7.198312775352734,28419.62660870963
4826.990908072253,28433.83926426471,0.0,7.201912651644649,28433.83926426471
4822.166570947587,28448.059027571268,0.0,7.205514328235317,28448.059027571268
4817.347055507722,32647.572267947824,0.0,8.269195080437784,32647.572267947824
4812.532356933623,32663.899319172862,0.0,8.273330504982068,32663.899319172862
4807.722470411074,32680.23453554995,0.0,8.277467997650579,32680.23453554995
4802.917391130666,32696.577921160882,0.0,8.28160755947718,32696.577921160882
4798.117114287803,34653.584039611655,0.0,8.777291135403207,34653.584039611655
4793.321635082686,34670.91429735051,0.0,8.781680658791368,34670.91429735051
4788.530948720315,34688.25322192481,0.0,8.786072377373477,34688.25322192481
4783.745050410482,34705.600817719656,0.0,8.790466292260222,34705.600817719656
4778.963935367768,34722.957089024036,0.0,8.794862404537943,34722.957089024036
4774.187598811535,34740.3220402143,0.0,8.799260715315112,34740.3220402143
4769.416035965923,34757.69567561438,0.0,8.803661225686927,34757.69567561438
4764.649242059847,34775.077999574416,0.0,8.808063936755218,34775.077999574416
4759.887212326988,34816.256518226495,0.0,8.818493906893972,34816.256518226495
4755.129942005794,34834.306313852634,0.0,8.823065679642328,34834.306313852634
4750.377426339468,34851.72695078538,0.0,8.827478094876147,34851.72695078538
4745.62966057597,34869.156299781745,0.0,8.83189271675961,34869.156299781745
4740.886639968009,34916.96993171199,0.0,8.844003272689784,34916.96993171199
4736.148359773037,35001.78568181852,0.0,8.86548597216184,35001.78568181852
4731.414815253248,35029.97896292927,0.0,8.872626954638243,35029.97896292927
4726.686001675571,35047.497455755234,0.0,8.877064155466046,35047.497455755234
4721.961914311663,35065.02470958595,0.0,8.881503575339629,35065.02470958595
4717.242548437911,35082.56072878815,0.0,8.885945215365023,35082.56072878815
4712.5278993354195,35100.105517763615,0.0,8.890389076657144,35100.105517763615
4707.81796229001,35117.65908088783,0.0,8.894835160324241,35117.65908088783
4703.112732592216,38407.80887491512,0.0,9.728186267333953,38407.80887491512
4698.412205537279,38428.555289132295,0.0,9.733441057643423,38428.555289132295
4693.71637642514,38447.773410014466,0.0,9.738308751613125,38447.773410014466
4689.025240560441,38467.00114188644,0.0,9.743178879918494,38467.00114188644
4684.338793252513,38615.7140834379,0.0,9.780845886658904,38615.7140834379
4679.657029815377,38635.02580244249,0.0,9.785737287785974,38635.02580244249
4674.9799455677385,38654.3471792355,0.0,9.790631135102176,38654.3471792355
4670.30753583298,38673.67821864508,0.0,9.795527429830418,38673.67821864508
4665.639795939158,38696.2019898127,0.0,9.801232400975088,38696.2019898127
4660.976721219,38715.553960809666,0.0,9.806133997395538,38715.553960809666
4656.318307009896,38734.91560974229,0.0,9.811038045108145,38734.91560974229
4651.664548653899,39564.24309297579,0.0,10.02109564719083,39564.24309297579
4647.015441497713,39584.02917134493,0.0,10.026107197224887,39584.02917134493
4642.370980892699,39603.82514472456,0.0,10.031121253533263,39603.82514472456
4637.731162194856,39623.63101807359,0.0,10.036137817371989,39623.63101807359
4633.095980764831,39643.44679635097,0.0,10.041156889997097,39643.44679635097
4628.465431967906,39663.27248448618,0.0,10.046178472657164,39663.27248448618
4623.839511173995,39987.765157973714,0.0,10.128368143522081,39987.765157973714
4619.218213757638,40007.76303974483,0.0,10.133433340535927,40007.76303974483
4614.6015350980015,40027.77092242546,0.0,10.138501070646905,40027.77092242546
4609.989470578866,40076.2604388171,0.0,10.150782819106107,40076.2604388171
4605.382015588627,40096.30257705817,0.0,10.155859225694147,40096.30257705817
4600.779165520293,40652.67104362374,0.0,10.296779945583372,40652.67104362374
4596.180915771472,40673.001444816306,0.0,10.301929365336397,40673.001444816306
4591.587261744374,40694.965733260775,0.0,10.307492626961478,40694.965733260775
4586.998198845803,40677.6802318727,0.0,10.303114439760664,40677.6802318727
4582.413722487155,40698.02314015803,0.0,10.30826702739365,40698.02314015803
4577.833828084412,40718.37622193341,0.0,10.313422191836121,40718.37622193341
4573.258511058138,40734.448656082204,0.0,10.317493125267344,40734.448656082204
4568.687766833471,40754.81995426447,0.0,10.322652903682977,40754.81995426447
4564.121590840125,40771.98317059814,0.0,10.327000117708756,40771.98317059814
4559.5599785123795,40792.37734096012,0.0,10.332165689342775,40792.37734096012
4555.002925289079,40812.77760925707,0.0,10.337332805502477,40812.77760925707
4550.450426613624,40833.18807975321,0.0,10.342502505743305,40833.18807975321
4545.902477933972,40853.608757520546,0.0,10.347674791349935,40853.608757520546
4541.359074702627,40874.03964767122,0.0,10.352849663617198,40874.03964767122
4536.820212376641,40894.48075530732,0.0,10.35802712383739,40894.48075530732
4532.285886417606,41796.4040090859,0.0,10.586472267380282,41796.4040090859
4527.756092291648,41817.30639112647,0.0,10.591766562261405,41817.30639112647
4523.230825469425,41838.21922648586,0.0,10.597063504828913,41838.21922648586
4518.710081426123,41861.640563209134,0.0,10.602995817370251,41861.640563209134
4514.193855641449,41904.12398066902,0.0,10.6137563009914,41904.12398066902
4509.682143599628,41925.08023348262,0.0,10.619064240621592,41925.08023348262
4505.1749407894,41946.04696652865,0.0,10.624374834755027,41946.04696652865
4500.672242704012,46797.12646979128,0.0,11.85308864030114,46797.12646979128
4496.1740448412165,46820.52971320988,0.0,11.859016370049467,46820.52971320988
4491.680342703263,46845.15379872779,0.0,11.865253322835843,46845.15379872779
4487.191131796901,46868.58106061196,0.0,11.871187136141494,46868.58106061196
4482.706407633365,46946.73919965858,0.0,11.890983551433756,46946.73919965858
4478.226165728382,47142.7778352363,0.0,11.94063752593423,47142.7778352363
4473.750401602155,47166.35393890713,0.0,11.946609038881368,47166.35393890713
4469.279110779369,47189.94183299227,0.0,11.952583538183365,47189.94183299227
4464.81228878918,47213.54152336973,0.0,11.958561025329038,47213.54152336973
4460.3499311652095,47237.153015963384,0.0,11.96454150181883,47237.153015963384
4455.892033445549,47260.77631665125,0.0,11.970524969141563,47260.77631665125
4451.438591172745,47284.41143136872,0.0,11.97651142880059,47284.41143136872
4446.989599893799,47308.058365982266,0.0,11.982500882281816,47308.058365982266
4442.545055160166,47331.69013453764,0.0,11.988486494402567,47331.69013453764
4438.104952527744,47355.76082555444,0.0,11.994583279734881,47355.76082555444
4433.669287556875,47379.443442013464,0.0,12.000581770952161,47379.443442013464
4429.238055812336,47403.137902169,0.0,12.006583262019973,47403.137902169
4424.81125286334,47426.84421188763,0.0,12.012587754424239,47426.84421188763
4420.388874283523,47370.644530636295,0.0,11.9983531239313,47370.644530636295
4415.970915650952,47394.334590440405,0.0,12.004353500448723,47394.334590440405
4411.557372548107,47418.036497637935,0.0,12.01035687775305,47418.036497637935
4407.148240561887,47441.75025816579,0.0,12.016363257348024,47441.75025816579
4402.7435152836,47465.4758779494,0.0,12.022372640734476,47465.4758779494
4398.343192308961,55470.0236170949,0.0,14.04981793566856,55470.0236170949
4393.947267238088,55497.764176466604,0.0,14.056844249760232,55497.764176466604
4389.5557356754925,55525.51860888103,0.0,14.063874077708787,55525.51860888103
4385.168593230084,55553.286921299565,0.0,14.070907421277456,55553.286921299565
4380.785835515157,56025.020119398294,0.0,14.190391155289339,56025.020119398294
4376.407458148392,56053.038232514424,0.0,14.197487770046525,56053.038232514424
4372.033456751849,56081.07035749755,0.0,14.204587933822937,56081.07035749755
4367.663826951964,56109.11650135118,0.0,14.211691648392469,56109.11650135118
4363.298564379544,56137.17667106532,0.0,14.218798915525598,56137.17667106532
4358.937664669761,56165.250873683966,0.0,14.225909737006473,56165.250873683966
4354.581123462153,56193.33911621065,0.0,14.233024114608995,56193.33911621065
4350.228936400612,56553.22564358768,0.0,14.324178577099415,56553.22564358768
4345.8810991333885,56581.50791229561,0.0,14.331342098948568,56581.50791229561
4341.5376073130765,56609.804324968834,0.0,14.338509203275684,56609.804324968834
4337.19845659662,56638.11488867932,0.0,14.345679891872,56638.11488867932
4332.863642645301,57094.27247005446,0.0,14.46121852968719,57094.27247005446
4328.53316112474,59908.24224881233,0.0,15.173959583142185,59908.24224881233
4324.207007704887,59828.832024330564,0.0,15.153846031291172,59828.832024330564
4319.88517806002,59858.75242382648,0.0,15.161424469843533,59858.75242382648
4315.567667868742,59888.68778650941,0.0,15.169006698371803,59888.68778650941
4311.254472813975,59988.3579126075,0.0,15.19425181337247,59988.3579126075
4306.945588582954,60018.358090982634,0.0,15.201850458852013,60018.358090982634
4302.641010867224,60102.3512093464,0.0,15.22312479666384,60102.3512093464
4298.34073536264,60133.01382432323,0.0,15.230891228508716,60133.01382432323
4294.044757769354,61982.48838344769,0.0,15.699338493137995,61982.48838344769
4289.75307379182,62013.48582650021,0.0,15.707189732473413,62013.48582650021
4285.46567913878,62044.498771396,0.0,15.715044898219196,62044.498771396
4281.182569523269,62075.527225835765,0.0,15.72290399232583,62075.527225835765
4276.903740662606,62106.57119763845,0.0,15.730767016773745,62106.57119763845
4272.629188278388,62137.630694504755,0.0,15.738633973513432,62137.630694504755
4268.35890809649,62168.70572425363,0.0,15.746504864525324,62168.70572425363
4264.0928958470595,62199.796294585794,0.0,15.754379691759908,62199.796294585794
4259.83114726451,62230.90241334975,0.0,15.76225845720511,62230.90241334975
4255.573658087519,62262.02408826098,0.0,15.770141162815156,62262.02408826098
4251.320424059022,62806.708025382904,0.0,15.908102347073381,62806.708025382904
4247.07144092621,62838.11766068044,0.0,15.91605798921268,62838.11766068044
4242.826704440525,62869.54300396122,0.0,15.924017609974854,62869.54300396122
4238.586210357653,62903.33346785815,0.0,15.932576284277769,62903.33346785815
4234.349954437525,62934.791425558884,0.0,15.940544165837983,62934.791425558884
4230.117932444309,63256.18729864137,0.0,16.021949458420057,63256.18729864137
4225.8901401464045,64058.87471439504,0.0,16.225259486345045,64058.87471439504
4221.666573316442,64090.910558274416,0.0,16.23337373877493,64090.910558274416
4217.447227731277,64122.96242327799,0.0,16.241492049142117,64122.96242327799
4213.2320991719835,64159.05192632108,0.0,16.25063303942985,64159.05192632108
4209.021183423857,64191.137868814,0.0,16.258759981171064,64191.137868814
4204.814476276401,64223.2398575167,0.0,16.266890987203425,64223.2398575167
4200.611973523328,75843.58494762058,0.0,19.210169576601473,75843.58494762058
4196.413670962556,75881.51432521042,0.0,19.219776582598605,75881.51432521042
4192.219564396202,75919.46267127588,0.0,19.22938839305789,75919.46267127588
4188.029649630578,75957.42999531556,0.0,19.239005010385192,75957.42999531556
4183.843922476189,75995.41630681016,0.0,19.24862643698185,75995.41630681016
4179.662378747724,76033.4216152762,0.0,19.25825267525827,76033.4216152762
4175.485014264057,76078.88419084036,0.0,19.269767739934863,76078.88419084036
4171.311824848243,76116.93124158354,0.0,19.279404550973936,76116.93124158354
4167.142806327509,77682.66815486555,0.0,19.675984850247296,77682.66815486555
4162.977954533252,77721.51725799943,0.0,19.68582481047091,77721.51725799943
4158.817265301036,77760.38578956618,0.0,19.695669691657713,77760.38578956618
4154.660734470589,77799.27554354702,0.0,19.705519948199257,77799.27554354702
4150.508357885795,78756.82269194501,0.0,19.948053883152625,78756.82269194501
4146.360131394691,78862.01709293807,0.0,19.97469822338234,78862.01709293807
4142.216050849466,79409.87699984248,0.0,20.11346383847191,79409.87699984248
4138.076112106453,79449.58988013609,0.0,20.12352258194168,79449.58988013609
4133.940311026128,80634.57839816388,0.0,20.423664385541294,80634.57839816388
4129.808643473102,80674.90375162795,0.0,20.433878260304944,80674.90375162795
4125.681105316121,80776.2204134962,0.0,20.45954042087882,80776.2204134962
4121.5576924280585,80822.99187674186,0.0,20.471387009366367,80822.99187674186
4117.438400685914,80863.41145578331,0.0,20.481624750213367,80863.41145578331
4113.323225970807,80903.8512486454,0.0,20.491867610951818,80903.8512486454
4109.212164167973,80944.31126548686,0.0,20.502115594154795,80944.31126548686
4105.105211166762,80984.79167325277,0.0,20.512368742107256,80984.79167325277
4101.002362860633,91394.64346191243,0.0,23.149045506075467,91394.64346191243
4096.903615147145,91476.7433505792,0.0,23.169840314029205,91476.7433505792
4092.808963927961,91702.9351617866,0.0,23.227131686175362,91702.9351617866
4088.718405108838,91748.79578083454,0.0,23.238747569963124,91748.79578083454
4084.631934599627,92353.25086220025,0.0,23.391847988706424,92353.25086220025
4080.5495483142645,92734.8144318504,0.0,23.488492957193806,92734.8144318504
4076.471242170773,92792.02570252179,0.0,23.50298380980908,92792.02570252179
4072.3970120912536,93440.5565933045,0.0,23.66724804384027,93440.5565933045
4068.326854001883,94510.93228872589,0.0,23.938359946500437,94510.93228872589
4064.2607638329105,94520.0281817252,0.0,23.940663815009398,94520.0281817252
4060.1987375186513,94664.08901052877,0.0,23.97715250357249,94664.08901052877
4056.1407709974847,94711.43052240253,0.0,23.98914347778258,94711.43052240253
4052.0868602118508,105778.33959217255,0.0,26.79224409685189,105778.33959217255
4048.0370011082427,105831.23937509375,0.0,26.805642907063504,105831.23937509375
4043.9911896372073,117822.25973326458,0.0,29.842808603226565,117822.25973326458
4039.949421753336,117881.18264654117,0.0,29.857732992108925,117881.18264654117
4035.9116934152644,117909.42689465648,0.0,29.86488688384853,117909.42689465648
4031.8780005856693,117968.39357082352,0.0,29.879822357287974,117968.39357082352
4027.848339231259,118027.38960671623,0.0,29.89476526715476,118027.38960671623
4023.822705322777,155566.5878959735,0.0,39.40294404594446,155566.5878959735
4019.801094834989,156003.58155417183,0.0,39.51362871734663,156003.58155417183
4015.783503746687,156758.82304931493,0.0,39.70492132571957,156758.82304931493
4011.7699280406828,182457.520230433,0.0,46.214058928958565,182457.520230433
4007.7603637038,182875.77511641968,0.0,46.31999731902274,182875.77511641968
4003.754806726876,183174.42826924848,0.0,46.39564218357378,183174.42826924848
3999.7532531047536,285363.619650358,0.0,72.27880285804137,285363.619650358
3995.7556988362785,285849.11935311934,0.0,72.40177346426833,285849.11935311934
3991.7621399242967,286000.8040526254,0.0,72.44019317770487,286000.8040526254
3987.772572375648,286240.9604831682,0.0,72.50102160187318,286240.9604831682
3983.7869922011623,286254.9304004181,0.0,72.50455999578648,286254.9304004181
3979.805395415659,351448.94301391667,0.0,89.01733478813486,351448.94301391667
3975.827778037938,351624.7204766471,0.0,89.06185687749982,351624.7204766471
3971.854136090781,351806.2509487276,0.0,89.1078361274838,351806.2509487276
3967.884465600942,407591.2640924452,0.0,103.23743671353016,407591.2640924452
3963.918762599146,400662.47436839726,0.0,101.48246659111969,400662.47436839726
3959.9570231200883,406068.40924657707,0.0,102.85171787059994,406068.40924657707
3955.999243202423,434754.42451466405,0.0,110.11750334418359,434754.42451466405
3952.045418888768,480438.6471330549,0.0,121.68870826653259,480438.6471330549
3948.0955462256925,481130.40572542103,0.0,121.86392150143705,481130.40572542103
3944.149621263719,0.0,0.0,0.0,0.0
3940.207640057316,480888.88987266534,480888.88987266534,0.0,0.0
3936.2695986648973,483432.1966924729,483432.1966924729,0.0,0.0
3932.3354931488143,483190.55005669117,483190.55005669117,0.0,0.0
3928.405319575354,482941.09662320354,482941.09662320354,0.0,0.0
3924.4790740147373,482712.7735562876,482712.7735562876,0.0,0.0
3920.556752541109,481934.89657698,481934.89657698,0.0,0.0
3916.6383512325397,482789.8229469028,482789.8229469028,0.0,0.0
3912.7238661710203,481339.3064725034,481339.3064725034,0.0,0.0
3908.8132934424557,488492.8753540952,488492.8753540952,0.0,0.0
3904.906629136666,490494.0705400258,490494.0705400258,0.0,0.0
3901.0038693473757,462101.1097697836,462101.1097697836,0.0,0.0
3897.105010172215,461968.0317444548,461968.0317444548,0.0,0.0
3893.2100477127137,461847.6417798401,461847.6417798401,0.0,0.0
3889.3189780743005,461785.87315124844,461785.87315124844,0.0,0.0
3885.4317973662914,462212.8481482926,462212.8481482926,0.0,0.0
3881.5485017018973,461982.9145177313,461982.9145177313,0.0,0.0
3877.669087198208,450935.9790994043,450935.9790994043,0.0,0.0
3873.793549976199,450710.58689242427,450710.58689242427,0.0,0.0
3869.9218861607173,451131.9846724064,451131.9846724064,0.0,0.0
3866.0540918804886,448180.7881517095,448180.7881517095,0.0,0.0
3862.1901632681033,444426.06500022014,444426.06500022014,0.0,0.0
3858.33009646002,444203.9186161127,444203.9186161127,0.0,0.0
3854.473887596557,443981.88327177655,443981.88327177655,0.0,0.0
3850.6215328218905,443847.6888926291,443847.6888926291,0.0,0.0
3846.7730282840503,443735.9794829086,443735.9794829086,0.0,0.0
3842.928370134917,443514.1780381063,443514.1780381063,0.0,0.0
3839.087554530216,441402.98319530615,441402.98319530615,0.0,0.0
3835.250577629517,441351.56923871295,441351.56923871295,0.0,0.0
3831.417435596224,432508.99015228177,432508.99015228177,0.0,0.0
3827.58812459758,432292.832782265,432292.832782265,0.0,0.0
3823.762640804656,432085.3777132284,432085.3777132284,0.0,0.0
3819.940980392349,431885.023135787,431885.023135787,0.0,0.0
3816.123139539383,436300.17664654093,436300.17664654093,0.0,0.0
3812.309114428296,436338.89629673434,436338.89629673434,0.0,0.0
3808.498901245446,436136.3319141538,436136.3319141538,0.0,0.0
3804.6924961809987,442359.58235137886,442359.58235137886,0.0,0.0
3800.8898954289307,516338.42793760507,516338.42793760507,0.0,0.0
3797.091095187021,516338.8135009734,516338.8135009734,0.0,0.0
3793.296091656848,515467.0742269293,515467.0742269293,0.0,0.0
3789.5048810437884,515209.5729415936,515209.5729415936,0.0,0.0
3785.7174595570086,515077.2822396818,515077.2822396818,0.0,0.0
3781.9338234094675,514843.36306108994,514843.36306108994,0.0,0.0
3778.153968817907,514600.1087885657,514600.1087885657,0.0,0.0
3774.3778920028476,513798.7026892341,513798.7026892341,0.0,0.0
3770.605589188593,511523.0996324288,511523.0996324288,0.0,0.0
3766.837056603215,511274.7013866501,511274.7013866501,0.0,0.0
3763.072290478558,511011.46993208607,511011.46993208607,0.0,0.0
3759.3112870502337,510739.91170402576,510739.91170402576,0.0,0.0
3755.554042557612,510677.34347284085,510677.34347284085,0.0,0.0
3751.800553243824,503017.14225319965,503017.14225319965,0.0,0.0
3748.0508153557575,501086.2956766937,501086.2956766937,0.0,0.0
3744.3048251440473,500835.8276742212,500835.8276742212,0.0,0.0
3740.5625788630778,505020.84556351556,505020.84556351556,0.0,0.0
3736.8240727709767,504755.92024920235,504755.92024920235,0.0,0.0
3733.0893031296127,503340.11432508874,503340.11432508874,0.0,0.0
3729.358266204587,503088.51975138095,503088.51975138095,0.0,0.0
3725.6309582652375,502422.67128577345,502422.67128577345,0.0,0.0
3721.9073755846266,502171.5352958951,502171.5352958951,0.0,0.0
3718.1875144395453,501912.1477717539,501912.1477717539,0.0,0.0
3714.4713711105037,500579.75188220205,500579.75188220205,0.0,0.0
3710.75894188173,500440.4788197842,500440.4788197842,0.0,0.0
3707.050223041165,500190.33362889243,500190.33362889243,0.0,0.0
3703.345210880461,499949.5646344996,499949.5646344996,0.0,0.0
3699.6439016949753,491166.68706561945,491166.68706561945,0.0,0.0
3695.9462917837695,489401.8852529161,489401.8852529161,0.0,0.0
3692.252377449603,489142.3317695987,489142.3317695987,0.0,0.0
3688.562154998929,488911.51164218306,488911.51164218306,0.0,0.0
3684.875620741896,488661.6266157012,488661.6266157012,0.0,0.0
3681.192770992337,488490.5860465774,488490.5860465774,0.0,0.0
3677.5136020677696,459800.8674123518,459800.8674123518,0.0,0.0
3673.8381102893927,459571.0317123391,459571.0317123391,0.0,0.0
3670.166291982083,457598.2637091761,457598.2637091761,0.0,0.0
3666.498143474388,457732.58359217015,457732.58359217015,0.0,0.0
3662.8336610985248,455214.0749713689,455214.0749713689,0.0,0.0
3659.1728411903787,454986.53620018216,454986.53620018216,0.0,0.0
3655.5156800894956,445656.1456719011,445656.1456719011,0.0,0.0
3651.862174139078,445269.5469654219,445269.5469654219,0.0,0.0
3648.212319685986,437700.9113203115,437700.9113203115,0.0,0.0
3644.5661130807302,437490.92331717495,437490.92331717495,0.0,0.0
3640.9235506774694,437272.0949377249,437272.0949377249,0.0,0.0
3637.284628834002,437044.54901269125,437044.54901269125,0.0,0.0
3633.6493439117717,436903.70951429056,436903.70951429056,0.0,0.0
3630.017692275856,436394.9601620791,436394.9601620791,0.0,0.0
3626.3896702949664,399904.3825312423,399904.3825312423,0.0,0.0
3622.7652743414446,399665.2652179386,399665.2652179386,0.0,0.0
3619.144500791255,399465.4260376747,399465.4260376747,0.0,0.0
3615.5273460239864,399265.7532305715,399265.7532305715,0.0,0.0
3611.913806422846,398859.0759677888,398859.0759677888,0.0,0.0
3608.3038783746533,398431.4919080231,398431.4919080231,0.0,0.0
3604.6975582698433,398229.846957336,398229.846957336,0.0,0.0
3601.094842502455,362307.43003090704,362307.43003090704,0.0,0.0
3597.4957274701333,298214.3527608428,298214.3527608428,0.0,0.0
3593.9002095741216,298065.29030617076,298065.29030617076,0.0,0.0
3590.308285219262,297660.9767220881,297660.9767220881,0.0,0.0
3586.7199508139884,297306.0798139643,297306.0798139643,0.0,0.0
3583.135202770326,297157.4713596373,297157.4713596373,0.0,0.0
3579.554037503884,296845.0774284172,296845.0774284172,0.0,0.0
3575.9764514338553,296696.69940605876,296696.69940605876,0.0,0.0
3572.402440983011,296267.3426612352,296267.3426612352,0.0,0.0
3568.832002577697,295731.6267649965,295731.6267649965,0.0,0.0
3565.265132647834,295583.8053010451,295583.8053010451,0.0,0.0
3561.701827626906,295710.9483420813,295710.9483420813,0.0,0.0
3558.1420839519647,291231.9226434355,291231.9226434355,0.0,0.0
3554.5858980636226,291080.8291721229,291080.8291721229,0.0,0.0
3551.0332664060484,290935.3324095428,290935.3324095428,0.0,0.0
3547.484185426966,290708.0566503656,290708.0566503656,0.0,0.0
3543.938651577648,290563.98196367023,290563.98196367023,0.0,0.0
3540.396661312916,290429.92833800614,290429.92833800614,0.0,0.0
3536.8582110911334,290284.75710581226,290284.75710581226,0.0,0.0
3533.323297374203,290139.65825966967,290139.65825966967,0.0,0.0
3529.7919166275638,289961.3152725252,289961.3152725252,0.0,0.0
3526.264065320189,289853.17015772534,289853.17015772534,0.0,0.0
3522.7397399245788,293505.37476875744,293505.37476875744,0.0,0.0
3519.2189369167613,293777.81086936727,293777.81086936727,0.0,0.0
3515.701652776283,293666.56547822943,293666.56547822943,0.0,0.0
3512.187883986213,290900.0653544033,290900.0653544033,0.0,0.0
3508.6776270331334,290665.05998081766,290665.05998081766,0.0,0.0
3505.1708784071366,290462.90273917775,290462.90273917775,0.0,0.0
3501.667634601826,238373.54398246587,238373.54398246587,0.0,0.0
3498.1678921143075,238250.86096729196,238250.86096729196,0.0,0.0
3494.671647445187,238123.15725153682,238123.15725153682,0.0,0.0
3491.1788970985704,236288.6647375405,236288.6647375405,0.0,0.0
3487.6896375820565,236764.0665563731,236764.0665563731,0.0,0.0
3484.2038654067323,236645.720029479,236645.720029479,0.0,0.0
3480.7215770871767,234195.99010135364,234195.99010135364,0.0,0.0
3477.242769141447,234078.9272274922,234078.9272274922,0.0,0.0
3473.7674380910835,233152.57288449234,233152.57288449234,0.0,0.0
3470.295580461104,232933.11773798754,232933.11773798754,0.0,0.0
3466.8271927799956,232816.68611092318,232816.68611092318,0.0,0.0
3463.362271579718,232540.57766076154,232540.57766076154,0.0,0.0
3459.9008133956954,232430.43643075082,232430.43643075082,0.0,0.0
3456.4428147668164,232313.1250889175,232313.1250889175,0.0,0.0
3452.988272235428,232081.4496348667,232081.4496348667,0.0,0.0
3449.5371823473324,232286.22793882756,232286.22793882756,0.0,0.0
3446.089541651784,232170.11965970995,232170.11965970995,0.0,0.0
3442.6453467014867,232058.51702912195,232058.51702912195,0.0,0.0
3439.204594052591,231948.00708878928,231948.00708878928,0.0,0.0
3435.7672802646853,231846.3889354681,231846.3889354681,0.0,0.0
3432.3334019008025,231728.54769578655,231728.54769578655,0.0,0.0
3428.9029555274055,231600.4297117931,231600.4297117931,0.0,0.0
3425.47593771439,231484.67482705388,231484.67482705388,0.0,0.0
3422.052345035082,231372.92347972142,231372.92347972142,0.0,0.0
3418.6321740662297,231809.5029648959,231809.5029648959,0.0,0.0
3415.2154213880053,208225.95636308697,208225.95636308697,0.0,0.0
3411.802083583996,207735.65441170539,207735.65441170539,0.0,0.0
3408.392157241206,207823.47742569575,207823.47742569575,0.0,0.0
3404.985638950049,207640.63397438018,207640.63397438018,0.0,0.0
3401.582525304347,206173.8585406258,206173.8585406258,0.0,0.0
3398.182812901327,206070.05468214987,206070.05468214987,0.0,0.0
3394.786498341616,205966.9033342252,205966.9033342252,0.0,0.0
3391.3935782292383,205257.2614122223,205257.2614122223,0.0,0.0
3388.004049171613,205146.84932404294,205146.84932404294,0.0,0.0
3384.6179077795505,204765.85561503223,204765.85561503223,0.0,0.0
3381.2351506672467,204663.51905869498,204663.51905869498,0.0,0.0
3377.8557744522827,204561.21795037139,204561.21795037139,0.0,0.0
3374.47977575562,204499.68011208228,204499.68011208228,0.0,0.0
3371.1071512015965,204310.70053152935,204310.70053152935,0.0,0.0
3367.737897417926,204220.4489321137,204220.4489321137,0.0,0.0
3364.3720110356903,204118.369333457,204118.369333457,0.0,0.0
3361.00948868934,204007.1455848622,204007.1455848622,0.0,0.0
3357.650327016688,203905.17260602542,203905.17260602542,0.0,0.0
3354.2945226589086,203828.45315189238,203828.45315189238,0.0,0.0
3350.9420722605323,203722.17766811096,203722.17766811096,0.0,0.0
3347.5929724694442,203620.34713053092,203620.34713053092,0.0,0.0
3344.2472199368785,203518.5674928816,203518.5674928816,0.0,0.0
3340.904811317418,203416.93349078143,203416.93349078143,0.0,0.0
3337.565743268987,202858.392068816,202858.392068816,0.0,0.0
3334.2300124528515,202703.30801357262,202703.30801357262,0.0,0.0
3330.897615533613,202523.1825532082,202523.1825532082,0.0,0.0
3327.568549179209,202709.6702127986,202709.6702127986,0.0,0.0
3324.242810060905,202608.34577702437,202608.34577702437,0.0,0.0
3320.920394853294,202513.52044560373,202513.52044560373,0.0,0.0
3317.6013002342934,202412.29405522117,202412.29405522117,0.0,0.0
3314.2855228851395,202311.57840251568,202311.57840251568,0.0,0.0
3310.9730594903863,202212.72236530393,202212.72236530393,0.0,0.0
3307.663906737902,202111.64632888025,202111.64632888025,0.0,0.0
3304.3580613188633,201881.53304685355,201881.53304685355,0.0,0.0
3301.055519927756,201361.4164062382,201361.4164062382,0.0,0.0
3297.756279262368,200956.02438151205,200956.02438151205,0.0,0.0
3294.460336023789,200853.57851958636,200853.57851958636,0.0,0.0
3291.1676869164044,200753.18185124014,200753.18185124014,0.0,0.0
3287.878328647895,206585.46841708012,206585.46841708012,0.0,0.0
3284.59225792923,206269.9046728105,206269.9046728105,0.0,0.0
3281.3094714746676,206166.34280918346,206166.34280918346,0.0,0.0
3278.029966001749,206061.6503174547,206061.6503174547,0.0,0.0
3274.753738231296,206046.05786936975,206046.05786936975,0.0,0.0
3271.4807848874093,205819.14513084962,205819.14513084962,0.0,0.0
3268.2111026974626,205669.46126157872,205669.46126157872,0.0,0.0
3264.944688392099,205479.3809055034,205479.3809055034,0.0,0.0
3261.681538705231,205376.67202971317,205376.67202971317,0.0,0.0
3258.4216503740363,205136.13535186308,205136.13535186308,0.0,0.0
3255.1650201389507,205094.2839265928,205094.2839265928,0.0,0.0
3251.911644743669,204995.18561589246,204995.18561589246,0.0,0.0
3248.661520935142,201765.85058055902,201765.85058055902,0.0,0.0
3245.4146454635707,201668.0877532575,201668.0877532575,0.0,0.0
3242.1710150824033,153316.11540651298,153316.11540651298,0.0,0.0
3238.9306265483333,153245.6977101853,153245.6977101853,0.0,0.0
3235.693476621297,153169.09784275765,153169.09784275765,0.0,0.0
3232.459562064467,153092.5362638965,153092.5362638965,0.0,0.0
3229.228879644252,153020.0451752715,153020.0451752715,0.0,0.0
3226.0014261302927,153010.83285937743,153010.83285937743,0.0,0.0
3222.777198295457,152918.72309748986,152918.72309748986,0.0,0.0
3219.5561929158407,154023.60374477308,154023.60374477308,0.0,0.0
3216.338406770759,153946.68003512462,153946.68003512462,0.0,0.0
3213.1238366427474,154303.91505451928,154303.91505451928,0.0,0.0
3209.9124793175574,154226.7862371666,154226.7862371666,0.0,0.0
3206.704331584153,153699.46820752637,153699.46820752637,0.0,0.0
3203.499390234706,153613.4782136236,153613.4782136236,0.0,0.0
3200.2976520645952,140364.77144594624,140364.77144594624,0.0,0.0
3197.0991138724025,139917.79274406764,139917.79274406764,0.0,0.0
3193.90377245991,139847.8787929541,139847.8787929541,0.0,0.0
3190.7116246320948,139777.97582585158,139777.97582585158,0.0,0.0
3187.5226671971286,139722.47411324058,139722.47411324058,0.0,0.0
3184.3368969663716,139667.67415999155,139667.67415999155,0.0,0.0
3181.154310754372,139591.7895537947,139591.7895537947,0.0,0.0
3177.9749053788623,139522.01459288716,139522.01459288716,0.0,0.0
3174.798677660754,139438.41207020608,139438.41207020608,0.0,0.0
3171.625624424138,139368.7137749939,139368.7137749939,0.0,0.0
3168.4557424962763,139320.7902292699,139320.7902292699,0.0,0.0
3165.289028707605,139242.16484057822,139242.16484057822,0.0,0.0
3162.1254798917266,139296.23094581367,139296.23094581367,0.0,0.0
3158.965092885407,139156.64039256974,139156.64039256974,0.0,0.0
3155.807864528577,138965.16986677638,138965.16986677638,0.0,0.0
3152.653791664322,138895.70812172684,138895.70812172684,0.0,0.0
3149.502871138885,138609.6644877203,138609.6644877203,0.0,0.0
3146.35509980166,138543.69887620726,138543.69887620726,0.0,0.0
3143.2104745051906,138473.13880453803,138473.13880453803,0.0,0.0
3140.0689921051653,138402.70980123646,138402.70980123646,0.0,0.0
3136.930649460415,138336.93887097324,138336.93887097324,0.0,0.0
3133.7954434329113,138232.3416395474,138232.3416395474,0.0,0.0
3130.663370887762,138159.85447830128,138159.85447830128,0.0,0.0
3127.5344286932063,138090.71872611542,138090.71872611542,0.0,0.0
3124.408613720615,138021.69407557213,138021.69407557213,0.0,0.0
3121.2859228444863,137575.34805795897,137575.34805795897,0.0,0.0
3118.16635294244,137504.48870134348,137504.48870134348,0.0,0.0
3115.049900895218,137435.76905083747,137435.76905083747,0.0,0.0
3111.93656358668,137393.26915957598,137393.26915957598,0.0,0.0
3108.8263379038003,145694.88732801823,145694.88732801823,0.0,0.0
3105.719220736663,145597.99206596645,145597.99206596645,0.0,0.0
3102.615208978462,145525.29921919067,145525.29921919067,0.0,0.0
3099.5142995254955,147744.41280229873,147744.41280229873,0.0,0.0
3096.4164892771632,147662.2902169352,147662.2902169352,0.0,0.0
3093.3217751359653,147576.5316130195,147576.5316130195,0.0,0.0
3090.2301540074964,147484.92824395275,147484.92824395275,0.0,0.0
3087.1416228004446,147369.1786299322,147369.1786299322,0.0,0.0
3084.056178426586,147297.86583636215,147297.86583636215,0.0,0.0
3080.973817800786,147158.49382041462,147158.49382041462,0.0,0.0
3077.8945378409917,147073.07682013992,147073.07682013992,0.0,0.0
3074.8183354682296,147000.19847080729,147000.19847080729,0.0,0.0
3071.745207606606,146926.72041644182,146926.72041644182,0.0,0.0
3068.6751511833,146854.14471792284,146854.14471792284,0.0,0.0
3065.608163128561,147731.50128357223,147731.50128357223,0.0,0.0
3062.5442403757074,147656.30916782527,147656.30916782527,0.0,0.0
3059.4833798611235,146716.535503779,146716.535503779,0.0,0.0
3056.425578524254,146559.90756611095,146559.90756611095,0.0,0.0
3053.3708333076033,146512.86700633224,146512.86700633224,0.0,0.0
3050.319141156731,146426.06981929817,146426.06981929817,0.0,0.0
3047.2704990202496,146344.79620963088,146344.79620963088,0.0,0.0
3044.2249038498226,146271.6457581449,146271.6457581449,0.0,0.0
3041.182352600158,146198.5318709294,146198.5318709294,0.0,0.0
3038.1428422290096,133747.90433969366,133747.90433969366,0.0,0.0
3035.10636969717,133681.0504450836,133681.0504450836,0.0,0.0
3032.07293196847,131235.20487346678,131235.20487346678,0.0,0.0
3029.0425260097754,131400.44749230694,131400.44749230694,0.0,0.0
3026.0151487909825,131186.29589826943,131186.29589826943,0.0,0.0
3022.990797285017,131142.33859225034,131142.33859225034,0.0,0.0
3019.969468467829,126895.5767610127,126895.5767610127,0.0,0.0
3016.951159318391,126791.66849565515,126791.66849565515,0.0,0.0
3013.935866818697,126728.29344741679,126728.29344741679,0.0,0.0
3010.9235879537555,126670.14350591159,126670.14350591159,0.0,0.0
3007.9143197115873,126606.82743027499,126606.82743027499,0.0,0.0
3004.9080590832255,126590.0255110803,126590.0255110803,0.0,0.0
3001.9048030627105,58887.67881697023,58887.67881697023,0.0,0.0
2998.9045486470845,57282.02214838694,57282.02214838694,0.0,0.0
2995.9072928363953,57171.68171745181,57171.68171745181,0.0,0.0
2992.913032633685,56244.727314985284,56244.727314985284,0.0,0.0
2989.9217650449928,55993.68930361509,55993.68930361509,0.0,0.0
2986.93348707935,55965.501457588376,55965.501457588376,0.0,0.0
2983.9481957487765,55939.28558068041,55939.28558068041,0.0,0.0
2980.96588806828,55907.103310437924,55907.103310437924,0.0,0.0
2977.9865610558513,55873.76504715887,55873.76504715887,0.0,0.0
2975.0102117324604,55842.00333079038,55842.00333079038,0.0,0.0
2972.036837122055,55770.26962825915,55770.26962825915,0.0,0.0
2969.066434251559,55748.68256206523,55748.68256206523,0.0,0.0
2966.0990001508635,55720.81658115388,55720.81658115388,0.0,0.0
2963.1345318528333,55569.945881820786,55569.945881820786,0.0,0.0
2960.1730263932955,55550.10678051515,55550.10678051515,0.0,0.0
2957.2144808110406,55529.413133807495,55529.413133807495,0.0,0.0
2954.258892147818,55500.26430153265,55500.26430153265,0.0,0.0
2951.3062574483356,55426.833623126564,55426.833623126564,0.0,0.0
2948.356573760253,54716.15997393941,54716.15997393941,0.0,0.0
2945.409838134181,54684.30476081109,54684.30476081109,0.0,0.0
2942.466047623678,54654.86822409599,54654.86822409599,0.0,0.0
2939.5251992852486,54612.358448924635,54612.358448924635,0.0,0.0
2936.587290178338,54577.651145933196,54577.651145933196,0.0,0.0
2933.6523173653304,54547.341276026375,54547.341276026375,0.0,0.0
2930.7202779115464,57456.0741469485,57456.0741469485,0.0,0.0
2927.7911688852387,54491.95729322993,54491.95729322993,0.0,0.0
2924.864987357592,54472.79163596289,54472.79163596289,0.0,0.0
